0.360652 
0.250446 
0.330287 
0.401657 
0.262627 
0.336538 
0.256405 
0.399680 
0.277789 
0.206624 
0.381285 
0.411566 
0.278847 
0.244541 
0.274435 
0.281153 
0.398182 
0.207942 
0.266514 
0.339359 
0.320767 
0.418303 
0.224849 
0.369126 
0.335355 
0.247361 
0.249858 
0.406416 
0.276062 
0.263928 
0.273023 
0.364973 
0.179778 
0.404337 
0.281751 
0.309199 
0.347189 
0.311277 
0.400397 
0.293262 
0.284133 
0.384372 
0.311234 
0.310907 
0.164901 
0.332242 
0.235706 
0.271123 
0.277847 
0.310148 
0.371754 
0.324938 
0.235227 
0.245010 
0.335783 
0.362458 
0.358495 
0.197439 
0.447749 
0.292369 
0.204456 
0.332437 
0.277309 
0.347300 
0.433606 
0.279548 
0.249315 
0.319009 
0.348543 
0.272487 
0.340667 
0.240718 
0.337271 
0.214522 
0.238448 
0.310410 
0.212860 
0.325337 
0.351225 
0.337937 
0.273023 
0.293476 
0.328908 
0.257421 
0.299594 
0.314321 
0.253034 
0.311961 
0.344549 
0.152827 
0.261925 
0.380311 
0.325660 
0.240279 
0.229973 
0.262788 
0.383390 
0.307892 
0.328387 
0.325377 
0.210058 
0.195877 
0.324851 
0.352426 
0.306968 
0.235796 
0.266689 
0.405089 
0.283408 
0.378923 
0.341350 
0.234844 
0.292766 
0.276759 
0.359695 
0.299716 
0.394398 
0.391499 
0.269233 
0.303185 
0.358538 
0.247346 
0.403294 
0.269190 
0.232458 
0.434146 
0.348916 
0.306543 
0.133442 
0.309370 
0.379094 
0.215358 
0.258544 
0.209017 
0.266310 
0.271911 
0.389860 
0.297319 
0.207874 
0.349372 
0.387323 
0.276696 
0.405338 
0.259400 
0.297231 
0.283210 
0.379846 
0.310509 
0.345202 
0.167392 
0.321522 
0.315445 
0.247881 
0.299987 
0.350464 
0.321465 
0.297054 
0.324656 
0.326845 
0.390666 
0.164441 
0.262915 
0.294988 
0.363744 
0.313293 
0.435777 
0.196680 
0.328425 
0.395275 
0.272803 
0.289176 
0.399571 
0.331926 
0.307772 
0.259678 
0.320086 
0.241105 
0.275767 
0.289014 
0.339242 
0.325655 
0.255459 
0.338042 
0.370320 
0.243437 
0.274533 
0.251862 
0.255963 
0.320497 
0.308673 
0.285872 
0.299811 
0.315203 
0.313463 
0.236385 
0.296633 
0.379051 
0.331645 
0.272945 
0.363148 
